     Row  Symbol        Cr        Fe        Mn        Mo        Ag
       1      h      0.000     0.000     0.000     0.000     0.000
                     0.000     0.000     0.000     0.000     0.000
       2      he     0.000     0.000     0.000     0.000     0.000
                     0.000     0.000     0.000     0.000     0.000
       3      li     0.002     0.002     0.001     0.000     0.000
                     0.001     0.001     0.000     0.000     0.000
       4      be     0.008     0.005     0.003     0.000    -0.001
                     0.003     0.002     0.001     0.000     0.000
       5      b      0.018     0.013     0.008     0.000     0.000
                     0.009     0.007     0.004     0.001     0.000
       6      c      0.035     0.026     0.017     0.002     0.000
                     0.021     0.015     0.009     0.002     0.001
       7      n      0.059     0.044     0.029     0.004     0.001
                     0.042     0.029     0.018     0.003     0.002
       8      o      0.090     0.069     0.047     0.008     0.003
                     0.073     0.052     0.032     0.006     0.004
       9      f      0.129     0.100     0.069     0.014     0.006
                     0.119     0.085     0.053     0.010     0.006
      10      ne     0.174     0.138     0.097     0.021     0.011
                     0.184     0.132     0.083     0.016     0.010
      11      na     0.223     0.180     0.129     0.030     0.016
                     0.270     0.195     0.124     0.025     0.015
      12      mg     0.272     0.224     0.165     0.042     0.023
                     0.381     0.277     0.177     0.036     0.022
      13      al     0.318     0.269     0.204     0.056     0.032
                     0.522     0.381     0.246     0.052     0.031
      14      si     0.355     0.311     0.244     0.072     0.042
                     0.693     0.509     0.330     0.071     0.043
      15      p      0.377     0.347     0.283     0.090     0.055
                     0.900     0.664     0.434     0.095     0.058
      16      s      0.374     0.370     0.319     0.110     0.068
                     1.142     0.847     0.557     0.124     0.076
      17      cl     0.335     0.375     0.348     0.132     0.084
                     1.423     1.061     0.702     0.159     0.099
      18      ar     0.243     0.352     0.366     0.155     0.101
                     1.747     1.309     0.872     0.201     0.125
      19      k      0.070     0.286     0.365     0.179     0.118
                     2.110     1.589     1.066     0.250     0.156
      20      ca    -0.221     0.163     0.341     0.203     0.137
                     2.514     1.904     1.286     0.306     0.193
      21      sc    -0.717    -0.038     0.285     0.226     0.156
                     2.968     2.256     1.533     0.372     0.235
      22      ti    -1.683    -0.357     0.189     0.248     0.175
                     3.470     2.643     1.807     0.446     0.283
      23      v     -3.841    -0.896     0.035     0.267     0.194
                     0.459     3.070     2.110     0.530     0.338
      24      cr    -2.161    -1.973    -0.198     0.284     0.213
                     0.548     3.533     2.443     0.624     0.399
      25      mn    -1.639    -3.367    -0.568     0.295     0.229
                     0.650     0.481     2.808     0.729     0.468
      26      fe    -1.339    -2.095    -1.179     0.301     0.244
                     0.764     0.566     3.204     0.845     0.545
      27      co    -1.124    -1.623    -2.464     0.299     0.256
                     0.893     0.662     3.608     0.973     0.630
      28      ni    -0.956    -1.343    -2.956     0.285     0.261
                     1.036     0.769     0.509     1.113     0.724
      29      cu    -0.795    -1.129    -2.019     0.263     0.265
                     1.196     0.888     0.589     1.266     0.826
      30      zn    -0.684    -0.978    -1.612     0.222     0.260
                     1.373     1.021     0.678     1.431     0.938
      31      ga    -0.570    -0.841    -1.354     0.163     0.249
                     1.569     1.168     0.777     1.609     1.059
      32      ge    -0.462    -0.717    -1.163     0.081     0.228
                     1.786     1.331     0.886     1.801     1.190
      33      as    -0.365    -0.607    -1.011    -0.030     0.196
                     2.022     1.508     1.006     2.007     1.332
      34      se    -0.273    -0.503    -0.879    -0.178     0.152
                     2.283     1.704     1.139     2.223     1.481
      35      br    -0.198    -0.413    -0.767    -0.374     0.090
                     2.563     1.916     1.283     2.456     1.643
      36      kr    -0.130    -0.328    -0.665    -0.652     0.008
                     2.872     2.149     1.439     2.713     1.820
      37      rb    -0.082    -0.256    -0.574    -1.044    -0.099
                     3.201     2.398     1.608     2.973     2.003
      38      sr    -0.012    -0.161    -0.465    -1.657    -0.230
                     3.608     2.709     1.820     3.264     2.203
      39      y      0.006    -0.106    -0.386    -2.951    -0.406
                     4.002     3.009     2.025     3.542     2.411
      40      zr     0.007    -0.061    -0.314    -2.965    -0.639
                     4.422     3.329     2.245     0.560     2.630
      41      nb    -0.013    -0.028    -0.248    -2.197    -0.957
                     4.876     3.676     2.482     0.621     2.860
      42      mo    -0.063    -0.012    -0.191    -1.825    -1.416
                     5.353     4.043     2.735     0.688     3.103
      43      tc    -0.153    -0.017    -0.145    -1.590    -2.205
                     5.862     4.434     3.005     0.759     3.353
      44      ru    -0.270    -0.039    -0.105    -1.420    -5.524
                     6.406     4.854     3.296     0.836     3.651
      45      rh    -0.424    -0.083    -0.077    -1.287    -2.649
                     6.984     5.300     3.605     0.919     0.596
      46      pd    -0.639    -0.157    -0.059    -1.177    -2.128
                     7.594     5.773     3.934     1.007     0.654
      47      ag    -0.924    -0.259    -0.060    -1.085    -1.834
                     8.235     6.271     4.282     1.101     0.717
      48      cd    -1.303    -0.416    -0.079    -1.005    -1.637
                     8.912     6.800     4.653     1.202     0.783
      49      in    -1.788    -0.626    -0.126    -0.936    -1.493
                     9.627     7.356     5.045     1.310     0.854
      50      sn    -2.401    -0.888    -0.194    -0.873    -1.378
                    10.380     7.943     5.459     1.424     0.930
      51      sb    -3.194    -1.214    -0.287    -0.816    -1.284
                    11.166     8.557     5.894     1.546     1.010
      52      te    -4.267    -1.630    -0.418    -0.772    -1.212
                    11.995     9.203     6.352     1.675     1.096
      53      i     -5.852    -2.147    -0.579    -0.726    -1.144
                    12.850     9.885     6.835     1.812     1.187
      54      xe    -8.133    -2.812    -0.783    -0.684    -1.084
                    11.933    10.608     7.348     1.958     1.284
      55      cs   -10.742    -3.652    -1.022    -0.644    -1.029
                    12.919    11.382     7.904     2.119     1.391
      56      ba   -11.460    -4.832    -1.334    -0.613    -0.983
                     9.981    12.164     8.460     2.282     1.500
      57      la   -12.135    -6.683    -1.716    -0.588    -0.942
                     3.565    12.937     9.036     2.452     1.615
      58      ce    -9.574    -8.388    -2.170    -0.564    -0.904
                     3.843    11.953     9.648     2.632     1.735
      59      pr    -7.817   -12.457    -2.939    -0.530    -0.859
                     4.130     6.285    10.535     2.845     1.873
      60      nd    -7.486   -11.016    -3.431    -0.535    -0.842
                     4.427     9.874    10.933     3.018     1.995
      61      pm    -6.891   -12.122    -4.357    -0.530    -0.818
                     4.741     3.627    11.614     3.225     2.135
      62      sm    -6.429    -9.616    -5.696    -0.533    -0.798
                     5.073     3.883    12.320     3.442     2.281
      63      eu    -6.050    -8.352    -7.718    -0.542    -0.782
                     5.416     4.149    11.276     3.669     2.435
      64      gd    -5.779    -7.565    -9.242    -0.564    -0.774
                     5.773     4.427    11.946     3.904     2.595
      65      tb    -5.525    -6.980    -9.498    -0.591    -0.767
                     6.153     4.721     9.242     4.151     2.764
      66      dy    -5.250    -6.492   -10.423    -0.619    -0.761
                     6.549     5.026     9.748     4.410     2.940
      67      ho    -5.040    -6.112   -12.255    -0.666    -0.765
                     6.958     5.343     3.704     4.678     3.124
      68      er    -4.878    -5.810    -9.733    -0.723    -0.773
                     7.387     5.675     3.937     4.958     3.316
      69      tm    -4.753    -5.565    -8.488    -0.795    -0.790
                     7.833     6.022     4.181     5.248     3.515
      70      yb    -4.652    -5.361    -7.701    -0.884    -0.815
                     8.291     6.378     4.432     5.548     3.723
      71      lu    -4.580    -5.190    -7.133    -0.988    -0.847
                     8.759     6.745     4.693     5.858     3.937
      72      hf    -4.592    -5.088    -6.715    -1.118    -0.890
                     9.277     7.148     4.977     6.185     4.164
      73      ta    -4.540    -4.948    -6.351    -1.258    -0.937
                     9.811     7.565     5.271     6.523     4.399
      74      w     -4.499    -4.823    -6.048    -1.421    -0.993
                    10.364     7.996     5.577     6.872     4.643
      75      re    -4.483    -4.719    -5.790    -1.598    -1.048
                    10.929     8.439     5.891     7.232     4.894
      76      os    -4.503    -4.647    -5.581    -1.816    -1.127
                    11.520     8.903     6.221     7.605     5.156
      77      ir    -4.527    -4.578    -5.391    -2.066    -1.216
                    12.140     9.389     6.566     7.990     5.427
      78      pt    -4.584    -4.535    -5.233    -2.352    -1.319
                    12.787     9.895     6.925     8.388     5.708
      79      au    -4.668    -4.510    -5.096    -2.688    -1.438
                    13.451    10.418     7.297     8.798     5.998
      80      hg    -4.803    -4.523    -4.990    -3.084    -1.576
                    14.143    10.963     7.686     9.223     6.299
      81      tl    -4.945    -4.532    -4.883    -3.556    -1.730
                    14.860    11.528     8.089     9.659     6.610
      82      pb    -5.161    -4.596    -4.818    -4.133    -1.910
                    15.595    12.108     8.505    10.102     6.930
      83      bi    -5.420    -4.688    -4.776    -4.861    -2.116
                    16.341    12.700     8.930    10.559     7.258
      84      po    -5.742    -4.817    -4.756    -5.924    -2.353
                    17.139    13.331     9.383    11.042     7.600
      85      at    -6.132    -4.992    -4.772    -7.444    -2.630
                    17.942    13.969     9.843     9.961     7.949
      86      rn    -6.545    -5.173    -4.787    -8.862    -2.932
                    18.775    14.629    10.317    10.403     8.307
      87      fr    -7.052    -5.402    -4.833    -7.912    -3.285
                    19.615    15.299    10.803     7.754     8.674
      88      ra    -7.614    -5.659    -4.898    -7.620    -3.702
                    20.461    15.977    11.296     8.105     9.047
      89      ac    -8.318    -5.976    -4.994    -7.725    -4.192
                    21.327    16.668    11.799     8.472     9.428
      90      th    -9.150    -6.313    -5.091    -8.127    -4.784
                    22.240    17.397    12.330     8.870     9.819
      91      pa   -10.382    -6.695    -5.216    -8.960    -5.555
                    23.161    18.140    12.868     9.284    10.227
      92      u    -10.930    -7.126    -5.359   -10.673    -6.735
                    23.121    18.879    13.409     9.654    10.637
      93      np   -12.152    -7.624    -5.529   -11.158    -7.842
                    24.097    19.642    13.967     4.148     9.570
      94      pu   -12.280    -8.187    -5.712    -9.725    -8.473
                    23.658    20.425    14.536     4.330     6.999
      95      am   -12.771    -8.872    -5.930    -8.926    -7.701
                    24.607    21.173    15.087     4.511     7.296
      96      cm   -13.513    -9.743    -6.176    -8.416    -7.388
                    25.540    21.896    15.634     4.697     7.589
      97      bk   -14.827   -10.539    -6.498    -7.990    -7.485
                    26.801    21.942    16.317     4.908     7.931
      98      ze     0.000     0.000     0.000     0.000     0.000
                     0.000     0.000     0.000     0.000     0.000
