     Row  Symbol                                                                  Scattering factors
       1    SC0    10.817200   54.327000    4.735300   14.847000    0.607100    4.218000    0.001100
       2    SC1     8.502100   34.285000    3.211600   10.994000    0.424400    3.605000    0.000900
       3    SC2     4.368300   28.653999    3.723100   10.823000    0.607400    3.668000    0.001400
       4    TI0     4.358300   36.056000    3.823000   11.133000    0.685500    3.469000    0.002000
       5    TI1     6.156700   27.275000    2.683300    8.983000    0.407000    3.052000    0.001100
       6    TI2     4.310700   18.348000    2.096000    6.797000    0.298400    2.548000    0.000700
       7    TI3     3.371700   14.444000    1.825800    5.713000    0.247000    2.265000    0.000500
       8    V0      3.809900   21.347000    2.329500    7.409000    0.433300    2.632000    0.001500
       9    V1      4.747400   23.323000    2.360900    7.808000    0.410500    2.706000    0.001400
      10    V2      3.438600   16.530001    1.963800    6.141000    0.299700    2.267000    0.000900
      11    V3      2.300500   14.682000    2.036400    6.130000    0.409900    2.382000    0.001400
      12    V4      1.837700   12.267000    1.824700    5.458000    0.397900    2.248000    0.001200
      13    CR0     3.408500   20.127001    2.100600    6.802000    0.426600    2.394000    0.001900
      14    CR1     3.776800   20.346001    2.102800    6.893000    0.401000    2.411000    0.001700
      15    CR2     2.642200   16.059999    1.919800    6.253000    0.444600    2.372000    0.002000
      16    CR3     1.626200   15.066000    2.061800    6.284000    0.528100    2.368000    0.002300
      17    CR4     1.029300   13.950000    1.993300    6.059000    0.597400    2.346000    0.002700
      18    MN0     2.668100   16.059999    1.756100    5.640000    0.367500    2.049000    0.001700
      19    MN1     3.295300   18.695000    1.879200    6.240000    0.392700    2.201000    0.002200
      20    MN2     2.051500   15.556000    1.884100    6.063000    0.478700    2.232000    0.002700
      21    MN3     1.242700   14.997000    1.956700    6.118000    0.573200    2.258000    0.003100
      22    MN4     0.787900   13.886000    1.871700    5.743000    0.598100    2.182000    0.003400
      23    MN5    -0.119040    6.598930   -0.239410   10.730860    0.350480    1.491160    0.007760
      24    FE0     1.940500   18.473000    1.956600    6.323000    0.516600    2.161000    0.003600
      25    FE1     2.629000   18.660000    1.870400    6.331000    0.469000    2.163000    0.003100
      26    FE2     1.649000   16.559000    1.906400    6.133000    0.520600    2.137000    0.003500
      27    FE3     1.360200   11.998000    1.518800    5.003000    0.470500    1.991000    0.003800
      28    FE4     1.558200    8.275000    1.186300    3.279000    0.136600    1.107000   -0.002200
      29    CO0     1.967800   14.170000    1.491100    4.948000    0.384400    1.797000    0.002700
      30    CO1     2.409700   16.160999    1.578000    5.460000    0.409500    1.914000    0.003100
      31    CO2     1.904900   11.644000    1.315900    4.357000    0.314600    1.645000    0.001700
      32    CO3     1.705800    8.859000    1.140900    3.309000    0.147400    1.090000   -0.002500
      33    CO4     1.311000    8.025000    1.155100    3.179000    0.160800    1.130000   -0.001100
      34    NI0     1.030200   12.252000    1.466900    4.745000    0.452100    1.744000    0.003600
      35    NI1     2.104000   14.866000    1.430200    5.071000    0.403100    1.778000    0.003400
      36    NI2     1.708000   11.016000    1.214700    4.103000    0.315000    1.533000    0.001800
      37    NI3     1.161200    7.700000    1.002700    3.263000    0.271900    1.378000    0.002500
      38    NI4     1.161200    7.700000    1.002700    3.263000    0.271900    1.378000    0.002500
      39    CU0     1.918200   14.490000    1.332900    4.730000    0.384200    1.639000    0.003500
      40    CU1     1.881400   13.433000    1.280900    4.545000    0.364600    1.602000    0.003300
      41    CU2     1.518900   10.478000    1.151200    3.813000    0.291800    1.398000    0.001700
      42    CU3     1.279700    8.450000    1.031500    3.280000    0.240100    1.250000    0.001500
      43    CU4     0.956800    7.448000    0.909900    3.396000    0.372900    1.494000    0.004900
      44    Y0     14.408400   44.658001    5.104500   14.904000   -0.053500    3.319000    0.002800
      45    ZR0    10.137800   35.337002    4.773400   12.545000   -0.048900    2.672000    0.003600
      46    ZR1    11.872200   34.919998    4.050200   12.127000   -0.063200    2.828000    0.003400
      47    NB0     7.479600   33.179001    5.088400   11.571000   -0.028100    1.564000    0.004700
      48    NB1     8.773500   33.285000    4.655600   11.605000   -0.026800    1.539000    0.004400
      49    MO0     5.118000   23.422001    4.180900    9.208000   -0.050500    1.743000    0.005300
      50    MO1     7.236700   28.128000    4.070500    9.923000   -0.031700    1.455000    0.004900
      51    TC0     4.244100   21.396999    3.943900    8.375000   -0.037100    1.187000    0.006600
      52    TC1     6.405600   24.823999    3.540000    8.611000   -0.036600    1.485000    0.004400
      53    RU0     3.744500   18.613001    3.474900    7.420000   -0.036300    1.007000    0.007300
      54    RU1     5.282600   23.683001    3.581300    8.152000   -0.025700    0.426000    0.013100
      55    RH0     3.365100   17.344000    3.212100    6.804000   -0.035000    0.503000    0.014600
      56    RH1     4.026000   18.950001    3.166300    7.000000   -0.029600    0.486000    0.012700
      57    PD0     3.310500   14.726000    2.633200    5.862000   -0.043700    1.130000    0.005300
      58    PD1     4.274900   17.900000    2.702100    6.354000   -0.025800    0.700000    0.007100
      59    CE2     0.980900   18.063000    1.841300    7.769000    0.990500    2.845000    0.012000
      60    ND2     1.453000   18.340000    1.619600    7.285000    0.875200    2.622000    0.012600
      61    ND3     0.675100   18.341999    1.627200    7.260000    0.964400    2.602000    0.015000
      62    SM2     1.036000   18.424999    1.476900    7.032000    0.881000    2.437000    0.015200
      63    SM3     0.470700   18.430000    1.426100    7.034000    0.957400    2.439000    0.018200
      64    EU2     0.897000   18.443001    1.376900    7.005000    0.906000    2.421000    0.019000
      65    EU3     0.398500   18.451000    1.330700    6.956000    0.960300    2.378000    0.019700
      66    GD2     0.775600   18.469000    1.312400    6.899000    0.895600    2.338000    0.019900
      67    GD3     0.334700   18.476000    1.246500    6.877000    0.953700    2.318000    0.021700
      68    TB2     0.668800   18.490999    1.248700    6.822000    0.888800    2.275000    0.021500
      69    TB3     0.289200   18.497000    1.167800    6.797000    0.943700    2.257000    0.023200
      70    DY2     0.591700   18.511000    1.182800    6.747000    0.880100    2.214000    0.022900
      71    DY3     0.252300   18.517000    1.091400    6.736000    0.934500    2.208000    0.025000
      72    HO2     0.509400   18.514999    1.123400    6.706000    0.872700    2.159000    0.024200
      73    HO3     0.218800   18.516001    1.024000    6.707000    0.925100    2.161000    0.026800
      74    ER2     0.469300   18.528000    1.054500    6.649000    0.867900    2.120000    0.026100
      75    ER3     0.171000   18.534000    0.987900    6.625000    0.904400    2.100000    0.027800
      76    TM2     0.419800   18.542000    0.995900    6.600000    0.859300    2.082000    0.028400
      77    TM3     0.176000   18.542000    0.910500    6.579000    0.897000    2.062000    0.029400
      78    YB2     0.385200   18.549999    0.941500    6.551000    0.849200    2.043000    0.030100
      79    YB3     0.157000   18.555000    0.848400    6.540000    0.888000    2.037000    0.031800
      80    U3      4.158200   16.534000    2.467500    5.952000   -0.025200    0.765000    0.005700
      81    U4      3.744900   13.894000    2.645300    4.863000   -0.521800    3.192000    0.000900
      82    U5      3.072400   12.546000    2.307600    5.231000   -0.064400    1.474000    0.003500
      83    NP3     3.717000   15.133000    2.321600    5.503000   -0.027500    0.800000    0.005200
      84    NP4     2.920300   14.646000    2.597900    5.559000   -0.030100    0.367000    0.014100
      85    NP5     2.330800   13.654000    2.721900    5.494000   -0.135700    0.049000    0.122400
      86    NP6     1.824500   13.180000    2.850800    5.407000   -0.157900    0.044000    0.143800
      87    PU3     2.088500   12.871000    2.596100    5.190000   -0.146500    0.039000    0.134300
      88    PU4     2.724400   12.926000    2.338700    5.163000   -0.130000    0.046000    0.117700
      89    PU5     2.140900   12.832000    2.566400    5.152000   -0.133800    0.046000    0.121000
      90    PU6     1.726200   12.324000    2.665200    5.066000   -0.169500    0.041000    0.155000
      91    AM2     3.523700   15.955000    2.285500    5.195000   -0.014200    0.585000    0.003300
      92    AM3     2.862200   14.733000    2.409900    5.144000   -0.132600    0.031000    0.123300
      93    AM4     2.414100   12.948000    2.368700    4.945000   -0.249000    0.022000    0.237100
      94    AM5     2.010900   12.053000    2.415500    4.836000   -0.226400    0.027000    0.212800
      95    AM6     1.677800   11.337000    2.453100    4.725000   -0.204300    0.034000    0.189200
      96    AM7     1.884500    9.161000    2.074600    4.042000   -0.131800    1.723000    0.002000
      97    PR3     0.873400   18.987600    1.559400    6.087200    0.814200    2.415000    0.011100
