     Row  Symbol          Name   Z    AtWe    RCov  RWaals    VAtm        Oxid(5)                       RIon(5)      SctF    SedInc       Sea
       1      H   Hydrogen       1    1.01    0.32    1.33   14.10 -1  1  0  0  0  2.08  0.00  0.00  0.00  0.00   -0.3739   80.2600    0.3326
       2      HE  Helium         2    4.00    0.93    1.50   31.80  0  0  0  0  0  0.00  0.00  0.00  0.00  0.00    0.3260    0.0000    0.0075
       3      LI  Lithium        3    6.94    1.23    1.78   13.10  1  0  0  0  0  0.60  0.00  0.00  0.00  0.00   -0.1900    0.9200   70.5000
       4      BE  Beryllium      4    9.01    0.90    1.45    5.00  2  0  0  0  0  0.31  0.00  0.00  0.00  0.00    0.7790    0.0018    0.0076
       5      B   Boron          5   10.81    0.82    1.93    4.60  3  0  0  0  0  0.20  0.00  0.00  0.00  0.00    0.5300    1.7000  767.0000
       6      C   Carbon         6   12.01    0.77    1.70    5.30  2 -4  4  0  0  2.60  0.15  0.00  0.00  0.00    0.6646    0.0010    0.0035
       7      N   Nitrogen       7   14.01    0.75    1.70   17.30  2 -3  3  4  5  0.00  1.71  0.00  0.00  0.11    0.9360    0.5000    1.9000
       8      O   Oxygen         8   16.00    0.73    1.50   14.00 -2  6  0  0  0  1.40  0.09  0.00  0.00  0.00    0.5803    0.0000    0.0002
       9      F   Fluorine       9   19.00    0.72    1.47   17.10 -1  7  0  0  0  1.36  0.07  0.00  0.00  0.00    0.5654    0.0008    0.0096
      10      NE  Neon          10   20.18    0.71    1.50   16.80  0  0  0  0  0  0.00  0.00  0.00  0.00  0.00    0.4566    0.0080    0.0039
      11      NA  Sodium        11   22.99    1.54    2.07   23.70  1  0  0  0  0  0.95  0.00  0.00  0.00  0.00    0.3630    1.6200    0.5300
      12      MG  Magnesium     12   24.31    1.36    2.20   14.00  2  0  0  0  0  0.65  0.00  0.00  0.00  0.00    0.5375    0.0800    0.0630
      13      AL  Aluminum      13   26.98    1.18    2.45   10.00  3  0  0  0  0  0.50  0.00  0.00  0.00  0.00    0.3449    0.0082    0.2310
      14      SI  Silicon       14   28.09    1.31    2.30   12.10 -1  4  0  0  0  2.71  0.41  0.00  0.00  0.00    0.4149    0.0040    0.1710
      15      P   Phosphorus    15   30.97    1.06    2.15   17.00 -3  3  4  5  0  2.12  0.00  0.00  0.34  0.00    0.5130    0.0050    0.1720
      16      S   Sulfur        16   32.06    1.02    1.74   15.50 -2  2  4  6  0  1.84  0.29  0.00  0.00  0.00    0.2847    0.0070    0.5300
      17      CL  Chlorine      17   35.45    0.99    1.76   18.70 -1  1  3  5  7  1.81  0.00  0.00  0.00  0.26    0.9577    5.3000   33.5000
      18      AR  Argon         18   39.95    0.98    2.00   24.20  0  0  0  0  0  0.00  0.00  0.00  0.00  0.00    0.1909    0.2250    0.6750
      19      K   Potassium     19   39.10    2.03    2.43   45.30  1  0  0  0  0  1.33  0.00  0.00  0.00  0.00    0.3670    0.2700    2.1000
      20      CA  Calcium       20   40.08    1.74    2.09   29.90  2  0  0  0  0  0.99  0.00  0.00  0.00  0.00    0.4700    0.0500    0.4300
      21      SC  Scandium      21   44.96    1.44    2.54   15.00  3  0  0  0  0  0.81  0.00  0.00  0.00  0.00    1.2290    4.5000   27.5000
      22      TI  Titanium      22   47.87    1.32    2.57   10.60  2  4  0  0  0  0.90  0.68  0.00  0.00  0.00   -0.3438    2.8700    6.0900
      23      V   Vanadium      23   50.94    1.32    2.43    8.30  2  3  4  5  0  0.00  0.74  0.00  0.59  0.00   -0.0382    5.0800    5.0800
      24      CR  Chromium      24   52.00    1.18    2.45    7.20  2  3  6  0  0  0.00  0.69  0.52  0.00  0.00    0.3635    1.8370    3.0500
      25      MN  Manganese     25   54.94    1.17    2.45    7.40  2  3  4  6  7  0.80  0.72  0.53  0.46  0.46   -0.3730    0.4000   13.3000
      26      FE  Iron          26   55.85    1.17    2.44    7.10  2  3  0  0  0  0.76  0.64  0.00  0.00  0.00    0.9450    0.4000    2.5600
      27      CO  Cobalt        27   58.93    1.16    2.43    6.70  2  3  0  0  0  0.74  0.63  0.00  0.00  0.00    0.2490    4.8000   37.1800
      28      NI  Nickel        28   58.70    1.16    2.60    6.60  2  3  0  0  0  0.74  0.63  0.00  0.00  0.00    1.0300    5.2000    4.4900
      29      CU  Copper        29   63.55    1.17    2.62    7.10  1  2  0  0  0  0.96  0.69  0.00  0.00  0.00    0.7718    0.5500    3.7800
      30      ZN  Zinc          30   65.38    1.25    2.55    9.20  2  0  0  0  0  0.74  0.00  0.00  0.00  0.00    0.5680    0.0770    1.1100
      31      GA  Gallium       31   69.72    1.26    2.32   11.80  1  3  0  0  0  1.13  0.62  0.00  0.00  0.00    0.7288    0.1600    2.7500
      32      GE  Germanium     32   72.59    1.22    2.27   13.60  2  4  0  0  0  0.93  0.53  0.00  0.00  0.00    0.8185    0.1700    2.2000
      33      AS  Arsenic       33   74.92    1.20    2.11   13.10 -3  3  5  0  0  2.22  0.00  0.47  0.00  0.00    0.6580    0.0600    4.5000
      34      SE  Selenium      34   78.96    1.16    2.32   16.50 -2  2  4  6  0  1.98  0.00  0.00  0.42  0.00    0.7970    0.3200   11.7000
      35      BR  Bromine       35   79.90    1.14    1.85   23.50 -1  1  3  5  7  1.95  0.00  0.00  0.00  0.39    0.6795    0.1000    6.9000
      36      KR  Krypton       36   83.80    1.12    2.50   32.20  0  0  0  0  0  0.00  0.00  0.00  0.00  0.00    0.7810    0.0100   25.0000
      37      RB  Rubidium      37   85.47    2.16    2.57   55.90  1  0  0  0  0  1.48  0.00  0.00  0.00  0.00    0.7090    0.5000    0.3800
      38      SR  Strontium     38   87.62    1.91    2.22   33.70  2  0  0  0  0  1.13  0.00  0.00  0.00  0.00    0.7020    0.0600    1.2800
      39      Y   Yttrium       39   88.91    1.62    2.88   19.80  3  0  0  0  0  0.93  0.00  0.00  0.00  0.00    0.7750    0.1500    1.2800
      40      ZR  Zirconium     40   91.22    1.45    2.66   14.10  4  0  0  0  0  0.80  0.00  0.00  0.00  0.00    0.7160    0.0200    0.1850
      41      NB  Niobium       41   92.91    1.34    2.58   10.80  3  5  0  0  0  0.70  0.00  0.00  0.00  0.00    0.7054    0.0024    1.1500
      42      MO  Molybdenum    42   95.94    1.30    2.57    9.40  2  3  4  5  6  0.00  0.00  0.68  0.00  0.62    0.6715    0.0400    2.4800
      43      TC  Technetium    43   97.00    1.27    2.45    0.00  7  0  0  0  0  0.00  0.00  0.00  0.00  0.00    0.6800    0.5000   20.0000
      44      RU  Ruthenium     44  101.07    1.25    2.50    8.30  2  3  4  6  8  0.00  0.69  0.67  0.00  0.00    0.7030    0.4000    2.5600
      45      RH  Rhodium       45  102.91    1.25    2.55    8.30  2  3  4  0  0  0.86  0.00  0.00  0.00  0.00    0.5880    0.3000  144.8000
      46      PD  Palladium     46  106.40    1.28    2.60    8.90  2  4  0  0  0  0.86  0.00  0.00  0.00  0.00    0.5910    0.0930    6.9000
      47      AG  Silver        47  107.87    1.34    2.69   10.30  1  0  0  0  0  1.26  0.00  0.00  0.00  0.00    0.5922    0.5800   63.3000
      48      CD  Cadmium       48  112.40    1.48    2.79   13.10  2  0  0  0  0  0.97  0.00  0.00  0.00  0.00    0.4870    3.4600 2520.0000
      49      IN  Indium        49  114.82    1.44    2.73   15.70  1  3  0  0  0  1.32  0.81  0.00  0.00  0.00    0.4065    0.5400  193.8000
      50      SN  Tin           50  118.69    1.41    2.56   16.30  2  4  0  0  0  1.12  0.71  0.00  0.00  0.00    0.6225    0.0220    0.6260
      51      SB  Antimony      51  121.75    1.40    2.56   18.40 -3  3  5  0  0  2.45  0.00  0.62  0.00  0.00    0.5570    0.0000    4.9100
      52      TE  Tellurium     52  127.60    1.36    2.57   20.50 -2  2  4  6  0  2.21  0.00  0.00  0.56  0.00    0.5800    0.0900    4.7000
      53      I   Iodine        53  126.90    1.33    1.98   25.70 -1  1  3  5  7  2.16  0.00  0.00  0.00  0.50    0.5280    0.3100    6.1500
      54      XE  Xenon         54  131.30    1.31    2.50   42.90  0  0  0  0  0  0.00  0.00  0.00  0.00  0.00    0.4920    0.0000   23.9000
      55      CS  Cesium        55  132.91    2.35    2.77   70.00  1  0  0  0  0  1.69  0.00  0.00  0.00  0.00    0.5420    0.2100   29.0000
      56      BA  Barium        56  137.34    1.98    2.44   39.00  2  0  0  0  0  1.35  0.00  0.00  0.00  0.00    0.5070    0.1500    1.1000
      57      LA  Lanthanum     57  138.91    1.69    2.97   22.50  3  0  0  0  0  1.15  0.00  0.00  0.00  0.00    0.8240    1.1300    8.9700
      58      CE  Cerium        58  140.12    1.65    2.93   21.00  3  4  0  0  0  1.11  1.01  0.00  0.00  0.00    0.4840    0.0000    0.6300
      59      PR  Praseodymium  59  140.91    1.65    2.92   20.80  3  4  0  0  0  1.09  0.92  0.00  0.00  0.00    0.4580    0.0150   11.5000
      60      ND  Neodymium     60  144.24    1.64    2.91   20.60  3  0  0  0  0  1.08  0.00  0.00  0.00  0.00    0.7690    9.2000   50.5000
      61      PM  Promethium    61  145.00    1.63    2.90    0.00  3  0  0  0  0  1.06  0.00  0.00  0.00  0.00    1.2600    1.3000  168.4000
      62      SM  Samarium      62  150.40    1.62    2.90   19.90  2  3  0  0  0  0.00  1.04  0.00  0.00  0.00    0.8000   39.0000 5922.0000
      63      EU  Europium      63  151.96    1.85    2.90   28.90  2  3  0  0  0  1.12  0.00  0.00  0.00  0.00    0.7220    2.5000 4530.0000
      64      GD  Gadolinium    64  157.25    1.61    2.89   19.90  3  0  0  0  0  1.02  0.00  0.00  0.00  0.00    0.6500    0.000049700.0000
      65      TB  Terbium       65  158.93    1.59    2.86   19.20  3  4  0  0  0  1.00  0.00  0.00  0.00  0.00    0.7380    0.0040   23.4000
      66      DY  Dysprosium    66  162.50    1.59    2.85   19.00  3  0  0  0  0  0.99  0.00  0.00  0.00  0.00    1.6900   54.4000  994.0000
      67      HO  Holmium       67  164.93    1.58    2.84   18.70  3  0  0  0  0  0.97  0.00  0.00  0.00  0.00    0.8010    0.3600   64.7000
      68      ER  Erbium        68  167.26    1.57    2.83   18.40  3  0  0  0  0  0.96  0.00  0.00  0.00  0.00    0.7790    1.1000  159.0000
      69      TM  Thulium       69  168.93    1.56    2.82   18.10  2  3  0  0  0  0.00  0.95  0.00  0.00  0.00    0.7070    0.1000  100.0000
      70      YB  Ytterbium     70  173.04    0.00    3.04   24.80  2  3  0  0  0  1.13  0.94  0.00  0.00  0.00    1.2430    4.0000   34.8000
      71      LU  Lutetium      71  174.97    1.56    2.82   17.80  3  0  0  0  0  0.93  0.00  0.00  0.00  0.00    0.7210    0.7000   74.0000
      72      HF  Hafnium       72  178.49    1.44    2.67   13.60  4  0  0  0  0  0.81  0.00  0.00  0.00  0.00    0.7770    2.6000   74.0000
      73      TA  Tantalum      73  180.95    1.44    2.53   10.90  5  0  0  0  0  0.73  0.00  0.00  0.00  0.00    0.6910    0.0100   20.6000
      74      W   Tungsten      74  183.85    1.30    2.47    9.50  2  3  4  5  6  0.00  0.00  0.68  0.00  0.64    0.4860    1.6300   18.3000
      75      RE  Rhenium       75  186.21    1.28    2.45    8.80  1  2  4  6  7  0.00  0.00  0.00  0.00  0.00    0.9200    0.9000   89.7000
      76      OS  Osmium        76  190.20    1.26    2.47    8.40  2  3  4  6  8  0.00  0.00  0.69  0.00  0.00    1.0700    0.3000   16.0000
      77      IR  Iridium       77  192.22    1.27    2.42    8.50  2  3  4  6  0  0.00  0.00  0.66  0.00  0.00    1.0600    0.0000  425.0000
      78      PT  Platinum      78  195.09    1.30    2.60    9.10  2  4  0  0  0  0.96  0.00  0.00  0.00  0.00    0.9600    0.1300   10.3000
      79      AU  Gold          79  196.97    1.34    2.60   10.20  1  3  0  0  0  1.37  0.00  0.00  0.00  0.00    0.7630    0.4300   98.6500
      80      HG  Mercury       80  200.59    1.49    2.80   14.80  2  0  0  0  0  1.10  0.00  0.00  0.00  0.00    1.2692    6.6000  372.3000
      81      TL  Thallium      81  204.37    1.48    2.65   17.20  1  3  0  0  0  1.40  0.95  0.00  0.00  0.00    0.8776    0.2100    3.4300
      82      PB  Lead          82  207.20    1.47    2.64   18.30  2  4  0  0  0  1.20  0.84  0.00  0.00  0.00    0.9405    0.0030    0.1710
      83      BI  Bismuth       83  208.98    1.46    2.64   21.30  3  5  0  0  0  1.20  0.74  0.00  0.00  0.00    0.8532    0.0084    0.0340
      84      PO  Polonium      84  209.00    1.46    2.60   22.70  2  4  0  0  0  0.00  0.00  0.00  0.00  0.00    0.0000    0.0000    0.0000
      85      AT  Astatine      85  210.00    0.00    2.60    0.00 -1  1  3  5  7  0.00  0.00  0.00  0.00  0.00    0.0000    0.0000    0.0000
      86      RN  Radon         86  222.00    0.00    2.60    0.00  0  0  0  0  0  0.00  0.00  0.00  0.00  0.00    0.0000    0.0000    0.0000
      87      FR  Francium      87  223.00    0.00    3.00    0.00  1  0  0  0  0  1.76  0.00  0.00  0.00  0.00    0.0000    0.0000    0.0000
      88      RA  Radium        88  226.03    0.00    3.00   45.00  2  0  0  0  0  1.40  0.00  0.00  0.00  0.00    1.0000    0.0000   12.8000
      89      AC  Actinium      89  227.00    0.00    2.98    0.00  3  0  0  0  0  1.18  0.00  0.00  0.00  0.00    0.0000    0.0000    0.0000
      90      TH  Thorium       90  232.04    1.65    2.89   19.90  3  4  0  0  0  1.14  0.95  0.00  0.00  0.00    1.0310    0.0000    7.3700
      91      PA  Protactinium  91  231.04    0.00    2.71   15.00  3  4  5  0  0  1.12  0.98  0.00  0.00  0.00    0.9100    0.1000  200.6000
      92      U   Uranium       92  238.03    1.42    2.68   12.50  3  4  5  6  0  1.11  0.97  0.00  0.00  0.00    0.8417    0.0050    7.5700
      93      NP  Neptunium     93  237.05    0.00    2.65   21.10  3  4  5  6  0  1.09  0.95  0.00  0.00  0.00    1.0550    0.5000  175.9000
      94      PU  Plutonium     94  244.00    0.00    2.43    0.00  3  4  5  6  0  1.07  0.93  0.00  0.00  0.00    1.4100    0.0000  558.0000
      95      AM  Americium     95  243.00    0.00    2.61   20.80  3  4  5  6  0  1.06  0.92  0.00  0.00  0.00    0.8300    0.3000   75.3000
      96      CM  Curium        96  247.00    0.00    2.60    0.00  3  0  0  0  0  0.00  0.00  0.00  0.00  0.00    0.9500    0.0000   16.2000
      97      BK  Berkelium     97  247.00    0.00    2.60    0.00  3  4  0  0  0  0.00  0.00  0.00  0.00  0.00    0.0000    0.0000    0.0000
      98      CF  Californium   98  251.00    0.00    2.60    0.00  3  0  0  0  0  0.00  0.00  0.00  0.00  0.00    0.0000    0.0000    0.0000
      99      ES  Einsteinium   99  254.00    0.00    0.00    0.00  0  0  0  0  0  0.00  0.00  0.00  0.00  0.00    0.0000    0.0000    0.0000
     100      FM  Fermium      100  257.00    0.00    0.00    0.00  0  0  0  0  0  0.00  0.00  0.00  0.00  0.00    0.0000    0.0000    0.0000
     101      MD  Mendelevium  101  258.00    0.00    0.00    0.00  0  0  0  0  0  0.00  0.00  0.00  0.00  0.00    0.0000    0.0000    0.0000
     102      NO  Nobelium     102  255.00    0.00    0.00    0.00  0  0  0  0  0  0.00  0.00  0.00  0.00  0.00    0.0000    0.0000    0.0000
     103      LR  Lawrencium   103  260.00    0.00    0.00    0.00  0  0  0  0  0  0.00  0.00  0.00  0.00  0.00    0.0000    0.0000    0.0000
     104      KU               104  261.00    0.00    0.00    0.00  4  0  0  0  0  0.00  0.00  0.00  0.00  0.00    0.0000    0.0000    0.0000
     105      HA               105  262.00    0.00    0.00    0.00  0  0  0  0  0  0.00  0.00  0.00  0.00  0.00    0.0000    0.0000    0.0000
     106      BS  Boron-11       5   10.81    0.82    1.93    4.60  3  0  0  0  0  0.20  0.00  0.00  0.00  0.00    0.6650    1.7000  767.0000
     107      ZE  Zero-scatter   1    0.00    0.82    1.93    4.60  0  0  0  0  0  0.00  0.00  0.00  0.00  0.00    0.0000    0.0000    0.0000
     108      D   Deuterium      1    2.01    0.32    1.33   14.10 -1  1  0  0  0  2.08  0.00  0.00  0.00  0.00    0.6671    0.0000    0.0000
